epoch:0 0.0867  0.1452  0.0907  0.0054  0.0301  0.1053  0.226  0.3025  0.305  0.0123  0.1023  0.383  9.5742  0.0005
epoch:1 0.1738  0.2703  0.1889  0.019  0.0764  0.2078  0.2841  0.3487  0.3501  0.0323  0.1484  0.4207  5.0539  0.0005
epoch:2 0.2417  0.3725  0.2647  0.026  0.1126  0.2862  0.3211  0.4022  0.4041  0.0471  0.1945  0.4733  4.4741  0.0005
epoch:3 0.289  0.4505  0.3134  0.0329  0.1429  0.3453  0.3455  0.441  0.4438  0.0604  0.2323  0.5164  4.13  0.0005
epoch:4 0.3239  0.5068  0.351  0.038  0.1614  0.3904  0.3614  0.4719  0.4765  0.0737  0.2654  0.551  3.8916  0.0005
epoch:5 0.336  0.5212  0.3669  0.0407  0.1714  0.4041  0.3669  0.4791  0.4836  0.078  0.277  0.5575  3.7448  0.00015
epoch:6 0.3438  0.5357  0.3739  0.0424  0.1762  0.4133  0.3718  0.488  0.4923  0.0802  0.2825  0.5675  3.699  0.00015
epoch:7 0.3516  0.5481  0.3823  0.0433  0.1837  0.4224  0.3765  0.4957  0.5006  0.0832  0.2946  0.575  3.6381  0.00015
epoch:8 0.3583  0.5603  0.3907  0.046  0.1894  0.4292  0.3785  0.4981  0.5032  0.0865  0.2997  0.5766  3.5934  0.00015
epoch:9 0.3649  0.5697  0.3978  0.0476  0.1957  0.4361  0.3823  0.5043  0.5091  0.0871  0.3078  0.5821  3.5443  0.00015
epoch:10 0.366  0.5716  0.3991  0.047  0.1953  0.4381  0.3834  0.5054  0.5104  0.088  0.3093  0.5845  3.5043  4.5e-05
epoch:11 0.368  0.576  0.4012  0.0473  0.1968  0.4399  0.3849  0.5073  0.5126  0.0886  0.3104  0.5872  3.4783  4.5e-05
epoch:12 0.3696  0.5783  0.4038  0.0475  0.1982  0.4423  0.3864  0.509  0.5143  0.0888  0.3142  0.5884  3.4749  4.5e-05
epoch:13 0.3699  0.5802  0.4042  0.0475  0.1988  0.4419  0.3855  0.5083  0.5135  0.0884  0.3155  0.5876  3.4666  4.5e-05
epoch:14 0.3724  0.5831  0.4066  0.048  0.2003  0.4447  0.386  0.5107  0.5158  0.0895  0.3188  0.5895  3.4633  4.5e-05
epoch:15 0.3725  0.5843  0.4062  0.0491  0.2011  0.4447  0.3865  0.5109  0.5164  0.0905  0.3186  0.5894  3.4587  1.3e-05
epoch:16 0.3724  0.5847  0.4064  0.0488  0.1998  0.445  0.3871  0.5104  0.5159  0.0889  0.3168  0.5901  3.4278  1.3e-05
epoch:17 0.3735  0.5851  0.4072  0.0488  0.201  0.446  0.3871  0.5108  0.5161  0.0894  0.3172  0.5905  3.4351  1.3e-05
epoch:18 0.3736  0.5861  0.4077  0.0494  0.2009  0.4462  0.3879  0.5113  0.5168  0.0907  0.3175  0.59  3.4374  1.3e-05
epoch:19 0.3743  0.588  0.4072  0.0487  0.2015  0.4473  0.3889  0.5128  0.5183  0.0894  0.3185  0.5928  3.4043  1.3e-05
epoch:20 0.3745  0.5873  0.4083  0.0488  0.2022  0.4469  0.3869  0.511  0.5165  0.0892  0.3189  0.5897  3.4221  4e-06
epoch:21 0.375  0.5884  0.4097  0.0488  0.202  0.4479  0.3879  0.5118  0.5173  0.0897  0.318  0.5915  3.4191  4e-06
epoch:22 0.3743  0.5885  0.4077  0.0486  0.202  0.4469  0.388  0.5125  0.518  0.0901  0.321  0.5921  3.4174  4e-06
epoch:23 0.3751  0.5893  0.4095  0.0489  0.2029  0.4478  0.3873  0.5119  0.5173  0.0893  0.3205  0.5912  3.4159  4e-06
epoch:24 0.3755  0.588  0.4093  0.0487  0.2028  0.4485  0.3877  0.5121  0.5174  0.0902  0.3201  0.591  3.4223  4e-06
epoch:25 0.3746  0.5877  0.4085  0.0492  0.2014  0.4474  0.3876  0.5121  0.5175  0.0905  0.32  0.5911  3.4208  1e-06
epoch:26 0.3754  0.5888  0.4102  0.0485  0.2024  0.4479  0.3889  0.5126  0.5181  0.0896  0.3175  0.593  3.4149  1e-06
epoch:27 0.3755  0.5884  0.4105  0.0495  0.2028  0.4482  0.3883  0.513  0.5185  0.091  0.3209  0.5918  3.4166  1e-06
epoch:28 0.3754  0.5889  0.4104  0.049  0.2027  0.4482  0.3897  0.5139  0.5193  0.0893  0.3194  0.5935  3.4359  1e-06
epoch:29 0.3754  0.5878  0.4092  0.0492  0.2028  0.4484  0.3882  0.5125  0.518  0.0904  0.3195  0.5918  3.4242  1e-06
