epoch:0 0.3868  0.5849  0.4165  0.1822  0.2773  0.4349  0.4193  0.6143  0.6377  0.3526  0.5340  0.6878  1.4638  0.005000
epoch:1 0.4974  0.7251  0.5416  0.2267  0.3815  0.5500  0.4603  0.6604  0.6818  0.4075  0.5860  0.7287  0.4869  0.005000
epoch:2 0.5348  0.7665  0.5858  0.2460  0.4120  0.5906  0.4737  0.6799  0.6999  0.4260  0.5996  0.7488  0.3841  0.005000
epoch:3 0.5476  0.7822  0.5986  0.2346  0.4224  0.6046  0.4788  0.6823  0.7016  0.4266  0.6049  0.7498  0.3149  0.001650
epoch:4 0.5509  0.7880  0.6001  0.2435  0.4253  0.6082  0.4799  0.6847  0.7028  0.4165  0.6005  0.7515  0.2940  0.001650

epoch:5 0.5546  0.7922  0.6026  0.2439  0.4267  0.6138  0.4814  0.6853  0.7040  0.4203  0.6044  0.7526  0.2821  0.001650
epoch:6 0.5589  0.7941  0.6078  0.2461  0.4319  0.6168  0.4845  0.6888  0.7074  0.4275  0.6077  0.7557  0.2645  0.000545
epoch:7 0.5570  0.7934  0.6059  0.2446  0.4301  0.6152  0.4830  0.6863  0.7056  0.4198  0.6084  0.7535  0.2596  0.000545
epoch:8 0.5579  0.7940  0.6066  0.2443  0.4299  0.6165  0.4833  0.6879  0.7057  0.4155  0.6067  0.7542  0.2570  0.000545
epoch:9 0.5594  0.7951  0.6088  0.2485  0.4303  0.6178  0.4844  0.6876  0.7063  0.4210  0.6087  0.7549  0.2509  0.000180
epoch:10 0.5589  0.7948  0.6083  0.2471  0.4318  0.6173  0.4830  0.6875  0.7063  0.4222  0.6063  0.7551  0.2488  0.000180
epoch:11 0.5589  0.7947  0.6086  0.2455  0.4304  0.6177  0.4842  0.6869  0.7055  0.4253  0.6048  0.7540  0.2468  0.000180

epoch:12 0.5590  0.7944  0.6075  0.2458  0.4301  0.6177  0.4834  0.6874  0.7055  0.4239  0.6046  0.7545  0.2470  0.000059
epoch:13 0.5585  0.7943  0.6084  0.2464  0.4306  0.6175  0.4834  0.6878  0.7066  0.4256  0.6072  0.7554  0.2459  0.000059
epoch:14 0.5593  0.7947  0.6079  0.2446  0.4303  0.6180  0.4837  0.6883  0.7060  0.4228  0.6043  0.7552  0.2459  0.000059
epoch:15 0.5602  0.7955  0.6092  0.2462  0.4306  0.6189  0.4843  0.6884  0.7066  0.4224  0.6063  0.7558  0.2451  0.000020
epoch:16 0.5587  0.7940  0.6072  0.2453  0.4304  0.6171  0.4837  0.6872  0.7053  0.4221  0.6063  0.7538  0.2441  0.000020
epoch:17 0.5590  0.7955  0.6101  0.2469  0.4301  0.6179  0.4834  0.6884  0.7065  0.4220  0.6057  0.7558  0.2448  0.000020
epoch:18 0.5587  0.7949  0.6069  0.2482  0.4298  0.6171  0.4841  0.6878  0.7053  0.4255  0.6055  0.7537  0.2444  0.000006
epoch:19 0.5596  0.7957  0.6099  0.2459  0.4315  0.6182  0.4843  0.6879  0.7063  0.4246  0.6055  0.7550  0.2442  0.000006
epoch:20 0.5588  0.7944  0.6090  0.2452  0.4308  0.6174  0.4830  0.6870  0.7056  0.4227  0.6041  0.7548  0.2451  0.000006
epoch:21 0.5582  0.7939  0.6069  0.2454  0.4294  0.6168  0.4834  0.6875  0.7061  0.4223  0.6044  0.7553  0.2443  0.000002
epoch:22 0.5594  0.7955  0.6090  0.2456  0.4295  0.6183  0.4843  0.6879  0.7062  0.4238  0.6048  0.7557  0.2444  0.000002
epoch:23 0.5569  0.7933  0.6055  0.2457  0.4277  0.6154  0.4823  0.6853  0.7043  0.4272  0.6060  0.7521  0.2446  0.000002
epoch:24 0.5592  0.7949  0.6085  0.2486  0.4296  0.6180  0.4838  0.6873  0.7062  0.4260  0.6050  0.7549  0.2441  0.000001
epoch:25 0.5593  0.7945  0.6096  0.2467  0.4298  0.6181  0.4838  0.6873  0.7061  0.4244  0.6056  0.7547  0.2442  0.000001
epoch:26 0.5587  0.7947  0.6081  0.2451  0.4295  0.6175  0.4843  0.6873  0.7050  0.4220  0.6045  0.7545  0.2448  0.000001
epoch:27 0.5594  0.7949  0.6078  0.2472  0.4307  0.6182  0.4838  0.6878  0.7059  0.4264  0.6044  0.7552  0.2437  0.000000
epoch:28 0.5598  0.7951  0.6105  0.2444  0.4319  0.6183  0.4844  0.6877  0.7069  0.4225  0.6068  0.7552  0.2451  0.000000
epoch:29 0.5585  0.7956  0.6075  0.2443  0.4292  0.6167  0.4835  0.6874  0.7060  0.4187  0.6078  0.7541  0.2446  0.000000
